2
5
8
10
11
12
16
18
19
20
21
22
24
26
30
31
34
37
41
45
46
48
49
51
52
53
54
59
62
67
68
69
80
82
83
84
89
91
94
95
96
97
103
104
105
106
107
109
113
114
115
118
120
125
126
130
131
134
135
136
138
139
140
144
145
146
150
151
154
155
156
158
160
163
168
172
177
180
182
185
186
187
194
196
200
201
208
209
214
216
217
218
219
222
232
236
239
241
242
243
246
247
251
254
257
258
262
268
271
272
274
275
278
280
282
284
287
288
292
297
301
305
307
310
311
312
313
314
317
320
324
327
328
330
331
335
338
339
340
342
343
344
346
347
351
352
353
354
355
358
359
362
364
365
366
368
369
372
374
378
379
380
381
385
392
395
396
398
399
400
402
404
405
407
411
418
420
422
426
428
434
438
440
443
444
445
446
447
451
452
454
456
457
464
467
468
470
471
473
474
477
481
484
485
490
491
494
496
498
503
506
510
514
517
519
522
524
531
533
539
540
541
544
545
546
550
552
554
555
557
559
561
565
571
572
574
575
576
577
578
583
586
587
593
595
596
597
599
600
602
603
606
608
609
610
611
612
619
620
622
624
628
630
631
643
644
651
652
654
655
656
658
659
660
663
664
665
668
674
676
678
679
681
683
687
688
692
693
696
700
702
703
704
707
709
714
716
717
719
727
732
735
736
738
739
741
744
745
746
748
749
752
753
754
761
762
763
765
767
770
772
775
776
777
781
783
786
787
789
790
794
796
798
804
808
809
811
813
818
819
825
826
828
830
834
837
838
840
842
844
845
850
851
854
856
857
860
861
862
864
865
866
867
868
869
877
879
880
883
885
886
887
891
896
899
905
906
907
909
911
917
923
925
926
929
930
932
933
937
942
947
948
950
952
953
960
961
964
965
966
970
974
976
978
980
981
983
986
987
988
990
993
995
1001
1002
1003
1004
1011
1012
1013
1015
1016
1018
1026
1028
1029
1033
1034
1035
1036
1037
1038
1043
1047
1048
1052
1053
1055
1057
1060
1063
1067
1069
1070
1071
1075
1079
1081
1085
1086
1089
1091
1094
1095
1100
1101
1102
1103
1105
1106
1107
1109
1113
1115
1118
1119
1121
1129
1133
1135
1137
1141
1143
1145
1146
1150
1151
1157
1161
1168
1172
1173
1176
1179
1183
1185
1187
1188
1190
1191
1193
1194
1195
1196
1199
1200
1205
1206
1207
1208
1210
1211
1212
1222
1223
1231
1232
1237
1238
1239
1240
1241
1242
1243
1244
1245
1248
1249
1250
1253
1254
1257
1258
1259
1263
1266
1268
1279
1281
1282
1285
1286
1290
1292
1293
1299
1300
1301
1306
1308
1309
1312
1313
1315
1317
1319
1323
1325
1331
1332
1337
1340
1342
1344
1345
1347
1349
1351
1355
1357
1359
1360
1361
1364
1367
1373
1374
1375
1378
1382
1384
1387
1389
1391
1394
1401
1405
1406
1407
1409
1413
1414
1420
1426
1429
1433
1435
1436
1439
1440
1441
1443
1445
1449
1451
1452
1453
1459
1461
1465
1468
1471
1473
1476
1478
1479
1486
1491
1492
1498
1502
1509
1513
1515
1516
1517
1518
1519
1523
1525
1527
1529
1530
1532
1541
1544
1546
1550
1551
1553
1554
1555
1556
1558
1559
1561
1564
1571
1575
1582
1585
1587
1589
1591
1593
1595
1596
1597
1601
1602
1607
1608
1610
1612
1614
1615
1617
1629
1631
1637
1639
1642
1643
1645
1657
1659
1660
1662
1663
1667
1671
1674
1676
1679
1683
1684
1685
1690
1695
1696
1698
1703
1705
1709
1712
1713
1715
1716
1721
1722
1724
1725
1729
1730
1732
1735
1737
1738
1740
1742
1749
1761
1762
1764
1765
1769
1770
1775
1776
1779
1781
1782
1783
1784
1787
1792
1794
1795
1799
1800
1801
1807
1810
1811
1812
1815
1819
1822
1824
1825
1827
1829
1830
1831
1832
1834
1835
1836
1837
1838
1843
1846
1849
1850
1852
1855
1859
1861
1864
1866
1868
1870
1872
1873
1875
1876
1877
1878
1882
1884
1885
1886
1887
1891
1896
1899
1902
1903
1904
1905
1907
1908
1909
1911
1912
1915
1917
1921
1923
1924
1925
1927
1928
1930
1932
1933
1937
1938
1940
1941
1949
1951
1952
1953
1954
1955
1959
1961
1966
1968
1969
1972
1975
1978
1980
1982
1985
1987
1991
1992
1993
1994
1996
2004
2006
2008
2012
2014
2016
2018
2020
2025
2028
2029
2031
2032
2034
2035
2037
2040
2042
2043
2049
2051
2052
2056
2059
2060
2064
2065
2071
2072
2075
2077
2078
2081
2085
2086
2087
2090
2095
2096
2099
2100
2101
2108
2111
2113
2114
2115
2120
2122
2123
2124
2128
2132
2133
2135
2136
2138
2139
2140
2144
2145
2147
2154
2156
2157
2160
2161
2163
2165
2166
2174
2181
2190
2198
2201
2203
2204
2206
2207
2209
2211
2213
2217
2219
2224
2226
2230
2231
2232
2234
2238
2244
2246
2248
2250
2254
2258
2259
2260
2262
2263
2264
2271
2272
2273
2274
2278
2284
2287
2288
2292
2296
2297
2300
2303
2304
2305
2308
2311
2318
2321
2322
2324
2328
2333
2340
2341
2342
2343
2346
2348
2350
2352
2353
2356
2357
2358
2359
2360
2363
2366
2367
2370
2373
2374
2375
2376
2380
2382
2384
2386
2391
2392
2393
2394
2396
2398
2400
2401
2403
2405
2406
2407
2409
2411
2413
2418
2420
2427
2429
2430
2435
2437
2438
2440
2441
2442
2447
2448
2450
2451
2455
2456
2458
2459
2463
2464
2465
2466
2467
2469
2470
2471
2474
2475
2476
2478
2480
2481
2482
2483
2487
2489
2491
2492
2496
2497
2498
2499
2500
2502
2503
2505
2510
2511
2514
2515
2517
2518
2519
2520
2523
2528
2530
2532
2535
2536
2545
2546
2547
2549
2556
2557
2558
2563
2565
2568
2572
2575
2580
2582
2585
2587
2593
2595
2598
2600
2601
2603
2608
2611
2613
2615
2617
2620
2622
2623
2624
2626
2627
2630
2631
2633
2638
2640
2642
2648
2650
2652
2654
2658
2659
2660
2663
2665
2667
2672
2674
2677
2681
2685
2691
2694
2695
2700
2702
2704
2706
2709
2710
2711
2713
2716
2718
2719
2720
2722
2723
2725
2727
2730
2731
2732
2743
2744
2745
2751
2752
2754
2755
2757
2759
2761
2763
2764
2765
2766
2768
2773
2774
2780
2782
2786
2792
2793
2797
2799
2800
2801
2809
2810
2811
2814
2815
2816
2817
2818
2822
2824
2826
2827
2828
2832
2833
2835
2837
2845
2847
2852
2854
2855
2863
2864
2867
2872
2874
2877
2878
2880
2882
2886
2889
2890
2892
2897
2898
2899
2900
2901
2902
2903
2907
2908
2909
2910
2914
2918
2919
2920
2921
2923
2924
2927
2929
2930
2931
2933
2935
2936
2943
2944
2946
2947
2956
2957
2958
2959
2961
2966
2967
2968
2973
2976
2977
2980
2982
2989
2990
2992
2993
2997
2999
3000
3004
3005
3006
3007
3008
3014
3019
3021
3023
3027
3028
3030
3032
3037
3041
3042
3043
3047
3049
3051
3052
3053
3054
3057
3058
3060
3062
3063
3064
3065
3069
3071
3072
3075
3076
3077
3089
3090
3091
3092
3093
3095
3096
3098
3101
3104
3107
3112
3113
3115
3116
3117
3118
3122
3129
3132
3137
3138
3139
3141
3143
3146
3148
3149
3154
3159
3161
3169
3172
3173
3175
3177
3180
3183
3184
3185
3188
3191
3192
3197
3201
3202
3207
3213
3217
3218
3222
3223
3228
3232
3233
3234
3239
3243
3244
3245
3248
3257
